coor     4
         1    0.00000E+00    0.00000E+00    0.00000E+00
         2    0.00000E+00    0.00000E+00    0.50000E+01
         3    0.40000E+01    0.00000E+00    0.50000E+01
         4    0.00000E+00    0.40000E+01    0.50000E+01
elem          3
         1         2         1         2
         2         2         2         3
         3         2         2         4
nosc  6
         1   0.00000E+000   0.00000E+000   0.00000E+000   0.00000E+000   0.00000E+000   0.00000E+000
         2   0.17361E-002  -0.45802E-013  -0.23148E-005   0.71906E-014   0.69445E-003   0.47215E-014
         3   0.17361E-002  -0.46338E-012  -0.35208E-002   0.89823E-013   0.97222E-003   0.20170E-012
         4   0.17361E-002   0.51111E-013  -0.23148E-005   0.21290E-013   0.69445E-003  -0.19220E-012
nvec 
         1   0.00000E+000   0.00000E+000   0.00000E+000   0.00000E+000   0.00000E+000   0.00000E+000
         0
         2   0.17361E-002  -0.45802E-013  -0.23148E-005   0.71906E-014   0.69445E-003   0.47215E-014
         0
         3   0.17361E-002  -0.46338E-012  -0.35208E-002   0.89823E-013   0.97222E-003   0.20170E-012
         0
         4   0.17361E-002   0.51111E-013  -0.23148E-005   0.21290E-013   0.69445E-003  -0.19220E-012
         0
end 
