coor     4
         1    0.00000E+00    0.00000E+00    0.00000E+00
         2    0.10000E+01    0.00000E+00    0.00000E+00
         3    0.10000E+01    0.10000E+01    0.00000E+00
         4    0.00000E+00    0.10000E+01    0.00000E+00
elem          1
         1         4         1         2         3         4
nosc  2
         1   0.00000E+000   0.00000E+000
         2   0.10000E+000   0.00000E+000
         3   0.10000E+000   0.00000E+000
         4   0.00000E+000   0.00000E+000
nvec 
         1   0.00000E+000   0.00000E+000   0.00000E+000
         2   0.10000E+000   0.00000E+000   0.00000E+000
         3   0.10000E+000   0.00000E+000   0.00000E+000
         4   0.00000E+000   0.00000E+000   0.00000E+000
end 
