55 80 1 3 2 2
1 2
12000.0 800.0 0.35 700.0 100.0
1 0.0 0.0
2 200.0 0.0
3 400.0 0.0
4 600.0 0.0
5 800.0 0.0
6 1000.0 0.0
7 1200.0 0.0
8 1400.0 0.0
9 1600.0 0.0
10 1800.0 0.0
11 2000.0 0.0
12 0.0 125.0
13 200.0 125.0
14 400.0 125.0
15 600.0 125.0
16 800.0 125.0
17 1000.0 125.0
18 1200.0 125.0
19 1400.0 125.0
20 1600.0 125.0
21 1800.0 125.0
22 2000.0 125.0
23 0.0 250.0
24 200.0 250.0
25 400.0 250.0
26 600.0 250.0
27 800.0 250.0
28 1000.0 250.0
29 1200.0 250.0
30 1400.0 250.0
31 1600.0 250.0
32 1800.0 250.0
33 2000.0 250.0
34 0.0 375.0
35 200.0 375.0
36 400.0 375.0
37 600.0 375.0
38 800.0 375.0
39 1000.0 375.0
40 1200.0 375.0
41 1400.0 375.0
42 1600.0 375.0
43 1800.0 375.0
44 2000.0 375.0
45 0.0 500.0
46 200.0 500.0
47 400.0 500.0
48 600.0 500.0
49 800.0 500.0
50 1000.0 500.0
51 1200.0 500.0
52 1400.0 500.0
53 1600.0 500.0
54 1800.0 500.0
55 2000.0 500.0
1 1 2 13 1
2 1 13 12 1
3 2 3 14 1
4 2 14 13 1
5 3 4 15 1
6 3 15 14 1
7 4 5 16 1
8 4 16 15 1
9 5 6 17 1
10 5 17 16 1
11 6 7 18 1
12 6 18 17 1
13 7 8 19 1
14 7 19 18 1
15 8 9 20 1
16 8 20 19 1
17 9 10 21 1
18 9 21 20 1
19 10 11 22 1
20 10 22 21 1
21 12 13 24 1
22 12 24 23 1
23 13 14 25 1
24 13 25 24 1
25 14 15 26 1
26 14 26 25 1
27 15 16 27 1
28 15 27 26 1
29 16 17 28 1
30 16 28 27 1
31 17 18 29 1
32 17 29 28 1
33 18 19 30 1
34 18 30 29 1
35 19 20 31 1
36 19 31 30 1
37 20 21 32 1
38 20 32 31 1
39 21 22 33 1
40 21 33 32 1
41 23 24 35 1
42 23 35 34 1
43 24 25 36 1
44 24 36 35 1
45 25 26 37 1
46 25 37 36 1
47 26 27 38 1
48 26 38 37 1
49 27 28 39 1
50 27 39 38 1
51 28 29 40 1
52 28 40 39 1
53 29 30 41 1
54 29 41 40 1
55 30 31 42 1
56 30 42 41 1
57 31 32 43 1
58 31 43 42 1
59 32 33 44 1
60 32 44 43 1
61 34 35 46 1
62 34 46 45 1
63 35 36 47 1
64 35 47 46 1
65 36 37 48 1
66 36 48 47 1
67 37 38 49 1
68 37 49 48 1
69 38 39 50 1
70 38 50 49 1
71 39 40 51 1
72 39 51 50 1
73 40 41 52 1
74 40 52 51 1
75 41 42 53 1
76 41 53 52 1
77 42 43 54 1
78 42 54 53 1
79 43 44 55 1
80 43 55 54 1
1 1 1
12 1 1
23 1 1
34 1 1
45 1 1
0 0 0
11 0.0 -250.0
22 0.0 -500.0
33 0.0 -500.0
44 0.0 -500.0
55 0.0 -250.0
0 0.0 0.0
