coor   176
         1    0.00000E+00    0.00000E+00    0.00000E+00
         2    0.13330E+03    0.00000E+00    0.00000E+00
         3    0.26660E+03    0.00000E+00    0.00000E+00
         4    0.40000E+03    0.00000E+00    0.00000E+00
         5    0.53330E+03    0.00000E+00    0.00000E+00
         6    0.66660E+03    0.00000E+00    0.00000E+00
         7    0.80000E+03    0.00000E+00    0.00000E+00
         8    0.93330E+03    0.00000E+00    0.00000E+00
         9    0.10666E+04    0.00000E+00    0.00000E+00
        10    0.12000E+04    0.00000E+00    0.00000E+00
        11    0.13333E+04    0.00000E+00    0.00000E+00
        12    0.14666E+04    0.00000E+00    0.00000E+00
        13    0.16000E+04    0.00000E+00    0.00000E+00
        14    0.17333E+04    0.00000E+00    0.00000E+00
        15    0.18666E+04    0.00000E+00    0.00000E+00
        16    0.20000E+04    0.00000E+00    0.00000E+00
        17    0.00000E+00    0.50000E+02    0.00000E+00
        18    0.13330E+03    0.50000E+02    0.00000E+00
        19    0.26660E+03    0.50000E+02    0.00000E+00
        20    0.40000E+03    0.50000E+02    0.00000E+00
        21    0.53330E+03    0.50000E+02    0.00000E+00
        22    0.66660E+03    0.50000E+02    0.00000E+00
        23    0.80000E+03    0.50000E+02    0.00000E+00
        24    0.93330E+03    0.50000E+02    0.00000E+00
        25    0.10666E+04    0.50000E+02    0.00000E+00
        26    0.12000E+04    0.50000E+02    0.00000E+00
        27    0.13333E+04    0.50000E+02    0.00000E+00
        28    0.14666E+04    0.50000E+02    0.00000E+00
        29    0.16000E+04    0.50000E+02    0.00000E+00
        30    0.17333E+04    0.50000E+02    0.00000E+00
        31    0.18666E+04    0.50000E+02    0.00000E+00
        32    0.20000E+04    0.50000E+02    0.00000E+00
        33    0.00000E+00    0.10000E+03    0.00000E+00
        34    0.13330E+03    0.10000E+03    0.00000E+00
        35    0.26660E+03    0.10000E+03    0.00000E+00
        36    0.40000E+03    0.10000E+03    0.00000E+00
        37    0.53330E+03    0.10000E+03    0.00000E+00
        38    0.66660E+03    0.10000E+03    0.00000E+00
        39    0.80000E+03    0.10000E+03    0.00000E+00
        40    0.93330E+03    0.10000E+03    0.00000E+00
        41    0.10666E+04    0.10000E+03    0.00000E+00
        42    0.12000E+04    0.10000E+03    0.00000E+00
        43    0.13333E+04    0.10000E+03    0.00000E+00
        44    0.14666E+04    0.10000E+03    0.00000E+00
        45    0.16000E+04    0.10000E+03    0.00000E+00
        46    0.17333E+04    0.10000E+03    0.00000E+00
        47    0.18666E+04    0.10000E+03    0.00000E+00
        48    0.20000E+04    0.10000E+03    0.00000E+00
        49    0.00000E+00    0.15000E+03    0.00000E+00
        50    0.13330E+03    0.15000E+03    0.00000E+00
        51    0.26660E+03    0.15000E+03    0.00000E+00
        52    0.40000E+03    0.15000E+03    0.00000E+00
        53    0.53330E+03    0.15000E+03    0.00000E+00
        54    0.66660E+03    0.15000E+03    0.00000E+00
        55    0.80000E+03    0.15000E+03    0.00000E+00
        56    0.93330E+03    0.15000E+03    0.00000E+00
        57    0.10666E+04    0.15000E+03    0.00000E+00
        58    0.12000E+04    0.15000E+03    0.00000E+00
        59    0.13333E+04    0.15000E+03    0.00000E+00
        60    0.14666E+04    0.15000E+03    0.00000E+00
        61    0.16000E+04    0.15000E+03    0.00000E+00
        62    0.17333E+04    0.15000E+03    0.00000E+00
        63    0.18666E+04    0.15000E+03    0.00000E+00
        64    0.20000E+04    0.15000E+03    0.00000E+00
        65    0.00000E+00    0.20000E+03    0.00000E+00
        66    0.13330E+03    0.20000E+03    0.00000E+00
        67    0.26660E+03    0.20000E+03    0.00000E+00
        68    0.40000E+03    0.20000E+03    0.00000E+00
        69    0.53330E+03    0.20000E+03    0.00000E+00
        70    0.66660E+03    0.20000E+03    0.00000E+00
        71    0.80000E+03    0.20000E+03    0.00000E+00
        72    0.93330E+03    0.20000E+03    0.00000E+00
        73    0.10666E+04    0.20000E+03    0.00000E+00
        74    0.12000E+04    0.20000E+03    0.00000E+00
        75    0.13333E+04    0.20000E+03    0.00000E+00
        76    0.14666E+04    0.20000E+03    0.00000E+00
        77    0.16000E+04    0.20000E+03    0.00000E+00
        78    0.17333E+04    0.20000E+03    0.00000E+00
        79    0.18666E+04    0.20000E+03    0.00000E+00
        80    0.20000E+04    0.20000E+03    0.00000E+00
        81    0.00000E+00    0.25000E+03    0.00000E+00
        82    0.13330E+03    0.25000E+03    0.00000E+00
        83    0.26660E+03    0.25000E+03    0.00000E+00
        84    0.40000E+03    0.25000E+03    0.00000E+00
        85    0.53330E+03    0.25000E+03    0.00000E+00
        86    0.66660E+03    0.25000E+03    0.00000E+00
        87    0.80000E+03    0.25000E+03    0.00000E+00
        88    0.93330E+03    0.25000E+03    0.00000E+00
        89    0.10666E+04    0.25000E+03    0.00000E+00
        90    0.12000E+04    0.25000E+03    0.00000E+00
        91    0.13333E+04    0.25000E+03    0.00000E+00
        92    0.14666E+04    0.25000E+03    0.00000E+00
        93    0.16000E+04    0.25000E+03    0.00000E+00
        94    0.17333E+04    0.25000E+03    0.00000E+00
        95    0.18666E+04    0.25000E+03    0.00000E+00
        96    0.20000E+04    0.25000E+03    0.00000E+00
        97    0.00000E+00    0.30000E+03    0.00000E+00
        98    0.13330E+03    0.30000E+03    0.00000E+00
        99    0.26660E+03    0.30000E+03    0.00000E+00
       100    0.40000E+03    0.30000E+03    0.00000E+00
       101    0.53330E+03    0.30000E+03    0.00000E+00
       102    0.66660E+03    0.30000E+03    0.00000E+00
       103    0.80000E+03    0.30000E+03    0.00000E+00
       104    0.93330E+03    0.30000E+03    0.00000E+00
       105    0.10666E+04    0.30000E+03    0.00000E+00
       106    0.12000E+04    0.30000E+03    0.00000E+00
       107    0.13333E+04    0.30000E+03    0.00000E+00
       108    0.14666E+04    0.30000E+03    0.00000E+00
       109    0.16000E+04    0.30000E+03    0.00000E+00
       110    0.17333E+04    0.30000E+03    0.00000E+00
       111    0.18666E+04    0.30000E+03    0.00000E+00
       112    0.20000E+04    0.30000E+03    0.00000E+00
       113    0.00000E+00    0.35000E+03    0.00000E+00
       114    0.13330E+03    0.35000E+03    0.00000E+00
       115    0.26660E+03    0.35000E+03    0.00000E+00
       116    0.40000E+03    0.35000E+03    0.00000E+00
       117    0.53330E+03    0.35000E+03    0.00000E+00
       118    0.66660E+03    0.35000E+03    0.00000E+00
       119    0.80000E+03    0.35000E+03    0.00000E+00
       120    0.93330E+03    0.35000E+03    0.00000E+00
       121    0.10666E+04    0.35000E+03    0.00000E+00
       122    0.12000E+04    0.35000E+03    0.00000E+00
       123    0.13333E+04    0.35000E+03    0.00000E+00
       124    0.14666E+04    0.35000E+03    0.00000E+00
       125    0.16000E+04    0.35000E+03    0.00000E+00
       126    0.17333E+04    0.35000E+03    0.00000E+00
       127    0.18666E+04    0.35000E+03    0.00000E+00
       128    0.20000E+04    0.35000E+03    0.00000E+00
       129    0.00000E+00    0.40000E+03    0.00000E+00
       130    0.13330E+03    0.40000E+03    0.00000E+00
       131    0.26660E+03    0.40000E+03    0.00000E+00
       132    0.40000E+03    0.40000E+03    0.00000E+00
       133    0.53330E+03    0.40000E+03    0.00000E+00
       134    0.66660E+03    0.40000E+03    0.00000E+00
       135    0.80000E+03    0.40000E+03    0.00000E+00
       136    0.93330E+03    0.40000E+03    0.00000E+00
       137    0.10666E+04    0.40000E+03    0.00000E+00
       138    0.12000E+04    0.40000E+03    0.00000E+00
       139    0.13333E+04    0.40000E+03    0.00000E+00
       140    0.14666E+04    0.40000E+03    0.00000E+00
       141    0.16000E+04    0.40000E+03    0.00000E+00
       142    0.17333E+04    0.40000E+03    0.00000E+00
       143    0.18666E+04    0.40000E+03    0.00000E+00
       144    0.20000E+04    0.40000E+03    0.00000E+00
       145    0.00000E+00    0.45000E+03    0.00000E+00
       146    0.13330E+03    0.45000E+03    0.00000E+00
       147    0.26660E+03    0.45000E+03    0.00000E+00
       148    0.40000E+03    0.45000E+03    0.00000E+00
       149    0.53330E+03    0.45000E+03    0.00000E+00
       150    0.66660E+03    0.45000E+03    0.00000E+00
       151    0.80000E+03    0.45000E+03    0.00000E+00
       152    0.93330E+03    0.45000E+03    0.00000E+00
       153    0.10666E+04    0.45000E+03    0.00000E+00
       154    0.12000E+04    0.45000E+03    0.00000E+00
       155    0.13333E+04    0.45000E+03    0.00000E+00
       156    0.14666E+04    0.45000E+03    0.00000E+00
       157    0.16000E+04    0.45000E+03    0.00000E+00
       158    0.17333E+04    0.45000E+03    0.00000E+00
       159    0.18666E+04    0.45000E+03    0.00000E+00
       160    0.20000E+04    0.45000E+03    0.00000E+00
       161    0.00000E+00    0.50000E+03    0.00000E+00
       162    0.13330E+03    0.50000E+03    0.00000E+00
       163    0.26660E+03    0.50000E+03    0.00000E+00
       164    0.40000E+03    0.50000E+03    0.00000E+00
       165    0.53330E+03    0.50000E+03    0.00000E+00
       166    0.66660E+03    0.50000E+03    0.00000E+00
       167    0.80000E+03    0.50000E+03    0.00000E+00
       168    0.93330E+03    0.50000E+03    0.00000E+00
       169    0.10666E+04    0.50000E+03    0.00000E+00
       170    0.12000E+04    0.50000E+03    0.00000E+00
       171    0.13333E+04    0.50000E+03    0.00000E+00
       172    0.14666E+04    0.50000E+03    0.00000E+00
       173    0.16000E+04    0.50000E+03    0.00000E+00
       174    0.17333E+04    0.50000E+03    0.00000E+00
       175    0.18666E+04    0.50000E+03    0.00000E+00
       176    0.20000E+04    0.50000E+03    0.00000E+00
elem        300
         1         3         1         2        18
         2         3         1        18        17
         3         3         2         3        19
         4         3         2        19        18
         5         3         3         4        20
         6         3         3        20        19
         7         3         4         5        21
         8         3         4        21        20
         9         3         5         6        22
        10         3         5        22        21
        11         3         6         7        23
        12         3         6        23        22
        13         3         7         8        24
        14         3         7        24        23
        15         3         8         9        25
        16         3         8        25        24
        17         3         9        10        26
        18         3         9        26        25
        19         3        10        11        27
        20         3        10        27        26
        21         3        11        12        28
        22         3        11        28        27
        23         3        12        13        29
        24         3        12        29        28
        25         3        13        14        30
        26         3        13        30        29
        27         3        14        15        31
        28         3        14        31        30
        29         3        15        16        32
        30         3        15        32        31
        31         3        17        18        34
        32         3        17        34        33
        33         3        18        19        35
        34         3        18        35        34
        35         3        19        20        36
        36         3        19        36        35
        37         3        20        21        37
        38         3        20        37        36
        39         3        21        22        38
        40         3        21        38        37
        41         3        22        23        39
        42         3        22        39        38
        43         3        23        24        40
        44         3        23        40        39
        45         3        24        25        41
        46         3        24        41        40
        47         3        25        26        42
        48         3        25        42        41
        49         3        26        27        43
        50         3        26        43        42
        51         3        27        28        44
        52         3        27        44        43
        53         3        28        29        45
        54         3        28        45        44
        55         3        29        30        46
        56         3        29        46        45
        57         3        30        31        47
        58         3        30        47        46
        59         3        31        32        48
        60         3        31        48        47
        61         3        33        34        50
        62         3        33        50        49
        63         3        34        35        51
        64         3        34        51        50
        65         3        35        36        52
        66         3        35        52        51
        67         3        36        37        53
        68         3        36        53        52
        69         3        37        38        54
        70         3        37        54        53
        71         3        38        39        55
        72         3        38        55        54
        73         3        39        40        56
        74         3        39        56        55
        75         3        40        41        57
        76         3        40        57        56
        77         3        41        42        58
        78         3        41        58        57
        79         3        42        43        59
        80         3        42        59        58
        81         3        43        44        60
        82         3        43        60        59
        83         3        44        45        61
        84         3        44        61        60
        85         3        45        46        62
        86         3        45        62        61
        87         3        46        47        63
        88         3        46        63        62
        89         3        47        48        64
        90         3        47        64        63
        91         3        49        50        66
        92         3        49        66        65
        93         3        50        51        67
        94         3        50        67        66
        95         3        51        52        68
        96         3        51        68        67
        97         3        52        53        69
        98         3        52        69        68
        99         3        53        54        70
       100         3        53        70        69
       101         3        54        55        71
       102         3        54        71        70
       103         3        55        56        72
       104         3        55        72        71
       105         3        56        57        73
       106         3        56        73        72
       107         3        57        58        74
       108         3        57        74        73
       109         3        58        59        75
       110         3        58        75        74
       111         3        59        60        76
       112         3        59        76        75
       113         3        60        61        77
       114         3        60        77        76
       115         3        61        62        78
       116         3        61        78        77
       117         3        62        63        79
       118         3        62        79        78
       119         3        63        64        80
       120         3        63        80        79
       121         3        65        66        82
       122         3        65        82        81
       123         3        66        67        83
       124         3        66        83        82
       125         3        67        68        84
       126         3        67        84        83
       127         3        68        69        85
       128         3        68        85        84
       129         3        69        70        86
       130         3        69        86        85
       131         3        70        71        87
       132         3        70        87        86
       133         3        71        72        88
       134         3        71        88        87
       135         3        72        73        89
       136         3        72        89        88
       137         3        73        74        90
       138         3        73        90        89
       139         3        74        75        91
       140         3        74        91        90
       141         3        75        76        92
       142         3        75        92        91
       143         3        76        77        93
       144         3        76        93        92
       145         3        77        78        94
       146         3        77        94        93
       147         3        78        79        95
       148         3        78        95        94
       149         3        79        80        96
       150         3        79        96        95
       151         3        81        82        98
       152         3        81        98        97
       153         3        82        83        99
       154         3        82        99        98
       155         3        83        84       100
       156         3        83       100        99
       157         3        84        85       101
       158         3        84       101       100
       159         3        85        86       102
       160         3        85       102       101
       161         3        86        87       103
       162         3        86       103       102
       163         3        87        88       104
       164         3        87       104       103
       165         3        88        89       105
       166         3        88       105       104
       167         3        89        90       106
       168         3        89       106       105
       169         3        90        91       107
       170         3        90       107       106
       171         3        91        92       108
       172         3        91       108       107
       173         3        92        93       109
       174         3        92       109       108
       175         3        93        94       110
       176         3        93       110       109
       177         3        94        95       111
       178         3        94       111       110
       179         3        95        96       112
       180         3        95       112       111
       181         3        97        98       114
       182         3        97       114       113
       183         3        98        99       115
       184         3        98       115       114
       185         3        99       100       116
       186         3        99       116       115
       187         3       100       101       117
       188         3       100       117       116
       189         3       101       102       118
       190         3       101       118       117
       191         3       102       103       119
       192         3       102       119       118
       193         3       103       104       120
       194         3       103       120       119
       195         3       104       105       121
       196         3       104       121       120
       197         3       105       106       122
       198         3       105       122       121
       199         3       106       107       123
       200         3       106       123       122
       201         3       107       108       124
       202         3       107       124       123
       203         3       108       109       125
       204         3       108       125       124
       205         3       109       110       126
       206         3       109       126       125
       207         3       110       111       127
       208         3       110       127       126
       209         3       111       112       128
       210         3       111       128       127
       211         3       113       114       130
       212         3       113       130       129
       213         3       114       115       131
       214         3       114       131       130
       215         3       115       116       132
       216         3       115       132       131
       217         3       116       117       133
       218         3       116       133       132
       219         3       117       118       134
       220         3       117       134       133
       221         3       118       119       135
       222         3       118       135       134
       223         3       119       120       136
       224         3       119       136       135
       225         3       120       121       137
       226         3       120       137       136
       227         3       121       122       138
       228         3       121       138       137
       229         3       122       123       139
       230         3       122       139       138
       231         3       123       124       140
       232         3       123       140       139
       233         3       124       125       141
       234         3       124       141       140
       235         3       125       126       142
       236         3       125       142       141
       237         3       126       127       143
       238         3       126       143       142
       239         3       127       128       144
       240         3       127       144       143
       241         3       129       130       146
       242         3       129       146       145
       243         3       130       131       147
       244         3       130       147       146
       245         3       131       132       148
       246         3       131       148       147
       247         3       132       133       149
       248         3       132       149       148
       249         3       133       134       150
       250         3       133       150       149
       251         3       134       135       151
       252         3       134       151       150
       253         3       135       136       152
       254         3       135       152       151
       255         3       136       137       153
       256         3       136       153       152
       257         3       137       138       154
       258         3       137       154       153
       259         3       138       139       155
       260         3       138       155       154
       261         3       139       140       156
       262         3       139       156       155
       263         3       140       141       157
       264         3       140       157       156
       265         3       141       142       158
       266         3       141       158       157
       267         3       142       143       159
       268         3       142       159       158
       269         3       143       144       160
       270         3       143       160       159
       271         3       145       146       162
       272         3       145       162       161
       273         3       146       147       163
       274         3       146       163       162
       275         3       147       148       164
       276         3       147       164       163
       277         3       148       149       165
       278         3       148       165       164
       279         3       149       150       166
       280         3       149       166       165
       281         3       150       151       167
       282         3       150       167       166
       283         3       151       152       168
       284         3       151       168       167
       285         3       152       153       169
       286         3       152       169       168
       287         3       153       154       170
       288         3       153       170       169
       289         3       154       155       171
       290         3       154       171       170
       291         3       155       156       172
       292         3       155       172       171
       293         3       156       157       173
       294         3       156       173       172
       295         3       157       158       174
       296         3       157       174       173
       297         3       158       159       175
       298         3       158       175       174
       299         3       159       160       176
       300         3       159       176       175
nosc  2
         1   0.00000E+000   0.00000E+000
         2  -0.12967E+000  -0.43926E-001
         3  -0.24885E+000  -0.15233E+000
         4  -0.35934E+000  -0.32206E+000
         5  -0.46097E+000  -0.54822E+000
         6  -0.55377E+000  -0.82621E+000
         7  -0.63777E+000  -0.11516E+001
         8  -0.71289E+000  -0.15191E+001
         9  -0.77918E+000  -0.19243E+001
        10  -0.83666E+000  -0.23629E+001
        11  -0.88528E+000  -0.28294E+001
        12  -0.92506E+000  -0.33194E+001
        13  -0.95601E+000  -0.38287E+001
        14  -0.97812E+000  -0.43518E+001
        15  -0.99142E+000  -0.48843E+001
        16  -0.99595E+000  -0.54221E+001
        17   0.00000E+000   0.00000E+000
        18  -0.10194E+000  -0.42937E-001
        19  -0.19740E+000  -0.15142E+000
        20  -0.28581E+000  -0.32122E+000
        21  -0.36711E+000  -0.54744E+000
        22  -0.44135E+000  -0.82550E+000
        23  -0.50856E+000  -0.11509E+001
        24  -0.56866E+000  -0.15185E+001
        25  -0.62169E+000  -0.19238E+001
        26  -0.66768E+000  -0.23624E+001
        27  -0.70658E+000  -0.28290E+001
        28  -0.73840E+000  -0.33191E+001
        29  -0.76317E+000  -0.38285E+001
        30  -0.78086E+000  -0.43516E+001
        31  -0.79147E+000  -0.48842E+001
        32  -0.79508E+000  -0.54220E+001
        33   0.00000E+000   0.00000E+000
        34  -0.75502E-001  -0.42201E-001
        35  -0.14707E+000  -0.15070E+000
        36  -0.21339E+000  -0.32055E+000
        37  -0.27437E+000  -0.54683E+000
        38  -0.33005E+000  -0.82495E+000
        39  -0.38047E+000  -0.11504E+001
        40  -0.42554E+000  -0.15181E+001
        41  -0.46532E+000  -0.19234E+001
        42  -0.49982E+000  -0.23621E+001
        43  -0.52899E+000  -0.28287E+001
        44  -0.55286E+000  -0.33189E+001
        45  -0.57144E+000  -0.38283E+001
        46  -0.58470E+000  -0.43515E+001
        47  -0.59265E+000  -0.48841E+001
        48  -0.59534E+000  -0.54219E+001
        49   0.00000E+000   0.00000E+000
        50  -0.49903E-001  -0.41691E-001
        51  -0.97575E-001  -0.15018E+000
        52  -0.14181E+000  -0.32008E+000
        53  -0.18247E+000  -0.54640E+000
        54  -0.21959E+000  -0.82455E+000
        55  -0.25320E+000  -0.11501E+001
        56  -0.28326E+000  -0.15178E+001
        57  -0.30978E+000  -0.19232E+001
        58  -0.33278E+000  -0.23619E+001
        59  -0.35224E+000  -0.28285E+001
        60  -0.36816E+000  -0.33187E+001
        61  -0.38055E+000  -0.38282E+001
        62  -0.38939E+000  -0.43514E+001
        63  -0.39468E+000  -0.48841E+001
        64  -0.39647E+000  -0.54218E+001
        65   0.00000E+000   0.00000E+000
        66  -0.24802E-001  -0.41389E-001
        67  -0.48644E-001  -0.14987E+000
        68  -0.70777E-001  -0.31978E+000
        69  -0.91117E-001  -0.54613E+000
        70  -0.10969E+000  -0.82430E+000
        71  -0.12650E+000  -0.11498E+001
        72  -0.14153E+000  -0.15176E+001
        73  -0.15480E+000  -0.19230E+001
        74  -0.16631E+000  -0.23617E+001
        75  -0.17604E+000  -0.28284E+001
        76  -0.18401E+000  -0.33186E+001
        77  -0.19021E+000  -0.38281E+001
        78  -0.19464E+000  -0.43513E+001
        79  -0.19729E+000  -0.48840E+001
        80  -0.19817E+000  -0.54217E+001
        81   0.00000E+000   0.00000E+000
        82   0.59760E-004  -0.41285E-001
        83   0.64754E-005  -0.14975E+000
        84  -0.27712E-004  -0.31968E+000
        85  -0.45974E-004  -0.54603E+000
        86  -0.59576E-004  -0.82421E+000
        87  -0.72400E-004  -0.11498E+001
        88  -0.85165E-004  -0.15175E+001
        89  -0.97723E-004  -0.19229E+001
        90  -0.11036E-003  -0.23617E+001
        91  -0.12307E-003  -0.28283E+001
        92  -0.13574E-003  -0.33186E+001
        93  -0.14891E-003  -0.38281E+001
        94  -0.16423E-003  -0.43513E+001
        95  -0.18392E-003  -0.48840E+001
        96  -0.17584E-003  -0.54216E+001
        97   0.00000E+000   0.00000E+000
        98   0.24912E-001  -0.41375E-001
        99   0.48649E-001  -0.14984E+000
       100   0.70719E-001  -0.31976E+000
       101   0.91024E-001  -0.54610E+000
       102   0.10957E+000  -0.82427E+000
       103   0.12635E+000  -0.11498E+001
       104   0.14136E+000  -0.15175E+001
       105   0.15461E+000  -0.19230E+001
       106   0.16609E+000  -0.23617E+001
       107   0.17579E+000  -0.28284E+001
       108   0.18373E+000  -0.33186E+001
       109   0.18991E+000  -0.38281E+001
       110   0.19431E+000  -0.43513E+001
       111   0.19692E+000  -0.48840E+001
       112   0.19782E+000  -0.54217E+001
       113   0.00000E+000   0.00000E+000
       114   0.49977E-001  -0.41660E-001
       115   0.97558E-001  -0.15012E+000
       116   0.14174E+000  -0.32002E+000
       117   0.18237E+000  -0.54634E+000
       118   0.21947E+000  -0.82449E+000
       119   0.25306E+000  -0.11500E+001
       120   0.28309E+000  -0.15177E+001
       121   0.30959E+000  -0.19231E+001
       122   0.33256E+000  -0.23618E+001
       123   0.35199E+000  -0.28285E+001
       124   0.36788E+000  -0.33187E+001
       125   0.38025E+000  -0.38281E+001
       126   0.38907E+000  -0.43514E+001
       127   0.39432E+000  -0.48840E+001
       128   0.39610E+000  -0.54217E+001
       129   0.00000E+000   0.00000E+000
       130   0.75505E-001  -0.42147E-001
       131   0.14701E+000  -0.15061E+000
       132   0.21332E+000  -0.32047E+000
       133   0.27428E+000  -0.54675E+000
       134   0.32993E+000  -0.82487E+000
       135   0.38032E+000  -0.11503E+001
       136   0.42537E+000  -0.15180E+001
       137   0.46512E+000  -0.19234E+001
       138   0.49960E+000  -0.23620E+001
       139   0.52874E+000  -0.28286E+001
       140   0.55259E+000  -0.33188E+001
       141   0.57115E+000  -0.38282E+001
       142   0.58438E+000  -0.43514E+001
       143   0.59230E+000  -0.48840E+001
       144   0.59496E+000  -0.54218E+001
       145   0.00000E+000   0.00000E+000
       146   0.10181E+000  -0.42848E-001
       147   0.19731E+000  -0.15129E+000
       148   0.28573E+000  -0.32110E+000
       149   0.36702E+000  -0.54733E+000
       150   0.44123E+000  -0.82539E+000
       151   0.50841E+000  -0.11508E+001
       152   0.56849E+000  -0.15184E+001
       153   0.62150E+000  -0.19237E+001
       154   0.66746E+000  -0.23623E+001
       155   0.70633E+000  -0.28289E+001
       156   0.73813E+000  -0.33190E+001
       157   0.76288E+000  -0.38284E+001
       158   0.78054E+000  -0.43515E+001
       159   0.79114E+000  -0.48841E+001
       160   0.79468E+000  -0.54219E+001
       161   0.00000E+000   0.00000E+000
       162   0.12930E+000  -0.43779E-001
       163   0.24873E+000  -0.15218E+000
       164   0.35925E+000  -0.32192E+000
       165   0.46087E+000  -0.54808E+000
       166   0.55365E+000  -0.82607E+000
       167   0.63762E+000  -0.11514E+001
       168   0.71272E+000  -0.15190E+001
       169   0.77899E+000  -0.19242E+001
       170   0.83644E+000  -0.23627E+001
       171   0.88503E+000  -0.28292E+001
       172   0.92479E+000  -0.33193E+001
       173   0.95572E+000  -0.38286E+001
       174   0.97781E+000  -0.43516E+001
       175   0.99111E+000  -0.48841E+001
       176   0.99557E+000  -0.54220E+001
nvec 
         1   0.00000E+000   0.00000E+000   0.00000E+000
         2  -0.12967E+000  -0.43926E-001   0.00000E+000
         3  -0.24885E+000  -0.15233E+000   0.00000E+000
         4  -0.35934E+000  -0.32206E+000   0.00000E+000
         5  -0.46097E+000  -0.54822E+000   0.00000E+000
         6  -0.55377E+000  -0.82621E+000   0.00000E+000
         7  -0.63777E+000  -0.11516E+001   0.00000E+000
         8  -0.71289E+000  -0.15191E+001   0.00000E+000
         9  -0.77918E+000  -0.19243E+001   0.00000E+000
        10  -0.83666E+000  -0.23629E+001   0.00000E+000
        11  -0.88528E+000  -0.28294E+001   0.00000E+000
        12  -0.92506E+000  -0.33194E+001   0.00000E+000
        13  -0.95601E+000  -0.38287E+001   0.00000E+000
        14  -0.97812E+000  -0.43518E+001   0.00000E+000
        15  -0.99142E+000  -0.48843E+001   0.00000E+000
        16  -0.99595E+000  -0.54221E+001   0.00000E+000
        17   0.00000E+000   0.00000E+000   0.00000E+000
        18  -0.10194E+000  -0.42937E-001   0.00000E+000
        19  -0.19740E+000  -0.15142E+000   0.00000E+000
        20  -0.28581E+000  -0.32122E+000   0.00000E+000
        21  -0.36711E+000  -0.54744E+000   0.00000E+000
        22  -0.44135E+000  -0.82550E+000   0.00000E+000
        23  -0.50856E+000  -0.11509E+001   0.00000E+000
        24  -0.56866E+000  -0.15185E+001   0.00000E+000
        25  -0.62169E+000  -0.19238E+001   0.00000E+000
        26  -0.66768E+000  -0.23624E+001   0.00000E+000
        27  -0.70658E+000  -0.28290E+001   0.00000E+000
        28  -0.73840E+000  -0.33191E+001   0.00000E+000
        29  -0.76317E+000  -0.38285E+001   0.00000E+000
        30  -0.78086E+000  -0.43516E+001   0.00000E+000
        31  -0.79147E+000  -0.48842E+001   0.00000E+000
        32  -0.79508E+000  -0.54220E+001   0.00000E+000
        33   0.00000E+000   0.00000E+000   0.00000E+000
        34  -0.75502E-001  -0.42201E-001   0.00000E+000
        35  -0.14707E+000  -0.15070E+000   0.00000E+000
        36  -0.21339E+000  -0.32055E+000   0.00000E+000
        37  -0.27437E+000  -0.54683E+000   0.00000E+000
        38  -0.33005E+000  -0.82495E+000   0.00000E+000
        39  -0.38047E+000  -0.11504E+001   0.00000E+000
        40  -0.42554E+000  -0.15181E+001   0.00000E+000
        41  -0.46532E+000  -0.19234E+001   0.00000E+000
        42  -0.49982E+000  -0.23621E+001   0.00000E+000
        43  -0.52899E+000  -0.28287E+001   0.00000E+000
        44  -0.55286E+000  -0.33189E+001   0.00000E+000
        45  -0.57144E+000  -0.38283E+001   0.00000E+000
        46  -0.58470E+000  -0.43515E+001   0.00000E+000
        47  -0.59265E+000  -0.48841E+001   0.00000E+000
        48  -0.59534E+000  -0.54219E+001   0.00000E+000
        49   0.00000E+000   0.00000E+000   0.00000E+000
        50  -0.49903E-001  -0.41691E-001   0.00000E+000
        51  -0.97575E-001  -0.15018E+000   0.00000E+000
        52  -0.14181E+000  -0.32008E+000   0.00000E+000
        53  -0.18247E+000  -0.54640E+000   0.00000E+000
        54  -0.21959E+000  -0.82455E+000   0.00000E+000
        55  -0.25320E+000  -0.11501E+001   0.00000E+000
        56  -0.28326E+000  -0.15178E+001   0.00000E+000
        57  -0.30978E+000  -0.19232E+001   0.00000E+000
        58  -0.33278E+000  -0.23619E+001   0.00000E+000
        59  -0.35224E+000  -0.28285E+001   0.00000E+000
        60  -0.36816E+000  -0.33187E+001   0.00000E+000
        61  -0.38055E+000  -0.38282E+001   0.00000E+000
        62  -0.38939E+000  -0.43514E+001   0.00000E+000
        63  -0.39468E+000  -0.48841E+001   0.00000E+000
        64  -0.39647E+000  -0.54218E+001   0.00000E+000
        65   0.00000E+000   0.00000E+000   0.00000E+000
        66  -0.24802E-001  -0.41389E-001   0.00000E+000
        67  -0.48644E-001  -0.14987E+000   0.00000E+000
        68  -0.70777E-001  -0.31978E+000   0.00000E+000
        69  -0.91117E-001  -0.54613E+000   0.00000E+000
        70  -0.10969E+000  -0.82430E+000   0.00000E+000
        71  -0.12650E+000  -0.11498E+001   0.00000E+000
        72  -0.14153E+000  -0.15176E+001   0.00000E+000
        73  -0.15480E+000  -0.19230E+001   0.00000E+000
        74  -0.16631E+000  -0.23617E+001   0.00000E+000
        75  -0.17604E+000  -0.28284E+001   0.00000E+000
        76  -0.18401E+000  -0.33186E+001   0.00000E+000
        77  -0.19021E+000  -0.38281E+001   0.00000E+000
        78  -0.19464E+000  -0.43513E+001   0.00000E+000
        79  -0.19729E+000  -0.48840E+001   0.00000E+000
        80  -0.19817E+000  -0.54217E+001   0.00000E+000
        81   0.00000E+000   0.00000E+000   0.00000E+000
        82   0.59760E-004  -0.41285E-001   0.00000E+000
        83   0.64754E-005  -0.14975E+000   0.00000E+000
        84  -0.27712E-004  -0.31968E+000   0.00000E+000
        85  -0.45974E-004  -0.54603E+000   0.00000E+000
        86  -0.59576E-004  -0.82421E+000   0.00000E+000
        87  -0.72400E-004  -0.11498E+001   0.00000E+000
        88  -0.85165E-004  -0.15175E+001   0.00000E+000
        89  -0.97723E-004  -0.19229E+001   0.00000E+000
        90  -0.11036E-003  -0.23617E+001   0.00000E+000
        91  -0.12307E-003  -0.28283E+001   0.00000E+000
        92  -0.13574E-003  -0.33186E+001   0.00000E+000
        93  -0.14891E-003  -0.38281E+001   0.00000E+000
        94  -0.16423E-003  -0.43513E+001   0.00000E+000
        95  -0.18392E-003  -0.48840E+001   0.00000E+000
        96  -0.17584E-003  -0.54216E+001   0.00000E+000
        97   0.00000E+000   0.00000E+000   0.00000E+000
        98   0.24912E-001  -0.41375E-001   0.00000E+000
        99   0.48649E-001  -0.14984E+000   0.00000E+000
       100   0.70719E-001  -0.31976E+000   0.00000E+000
       101   0.91024E-001  -0.54610E+000   0.00000E+000
       102   0.10957E+000  -0.82427E+000   0.00000E+000
       103   0.12635E+000  -0.11498E+001   0.00000E+000
       104   0.14136E+000  -0.15175E+001   0.00000E+000
       105   0.15461E+000  -0.19230E+001   0.00000E+000
       106   0.16609E+000  -0.23617E+001   0.00000E+000
       107   0.17579E+000  -0.28284E+001   0.00000E+000
       108   0.18373E+000  -0.33186E+001   0.00000E+000
       109   0.18991E+000  -0.38281E+001   0.00000E+000
       110   0.19431E+000  -0.43513E+001   0.00000E+000
       111   0.19692E+000  -0.48840E+001   0.00000E+000
       112   0.19782E+000  -0.54217E+001   0.00000E+000
       113   0.00000E+000   0.00000E+000   0.00000E+000
       114   0.49977E-001  -0.41660E-001   0.00000E+000
       115   0.97558E-001  -0.15012E+000   0.00000E+000
       116   0.14174E+000  -0.32002E+000   0.00000E+000
       117   0.18237E+000  -0.54634E+000   0.00000E+000
       118   0.21947E+000  -0.82449E+000   0.00000E+000
       119   0.25306E+000  -0.11500E+001   0.00000E+000
       120   0.28309E+000  -0.15177E+001   0.00000E+000
       121   0.30959E+000  -0.19231E+001   0.00000E+000
       122   0.33256E+000  -0.23618E+001   0.00000E+000
       123   0.35199E+000  -0.28285E+001   0.00000E+000
       124   0.36788E+000  -0.33187E+001   0.00000E+000
       125   0.38025E+000  -0.38281E+001   0.00000E+000
       126   0.38907E+000  -0.43514E+001   0.00000E+000
       127   0.39432E+000  -0.48840E+001   0.00000E+000
       128   0.39610E+000  -0.54217E+001   0.00000E+000
       129   0.00000E+000   0.00000E+000   0.00000E+000
       130   0.75505E-001  -0.42147E-001   0.00000E+000
       131   0.14701E+000  -0.15061E+000   0.00000E+000
       132   0.21332E+000  -0.32047E+000   0.00000E+000
       133   0.27428E+000  -0.54675E+000   0.00000E+000
       134   0.32993E+000  -0.82487E+000   0.00000E+000
       135   0.38032E+000  -0.11503E+001   0.00000E+000
       136   0.42537E+000  -0.15180E+001   0.00000E+000
       137   0.46512E+000  -0.19234E+001   0.00000E+000
       138   0.49960E+000  -0.23620E+001   0.00000E+000
       139   0.52874E+000  -0.28286E+001   0.00000E+000
       140   0.55259E+000  -0.33188E+001   0.00000E+000
       141   0.57115E+000  -0.38282E+001   0.00000E+000
       142   0.58438E+000  -0.43514E+001   0.00000E+000
       143   0.59230E+000  -0.48840E+001   0.00000E+000
       144   0.59496E+000  -0.54218E+001   0.00000E+000
       145   0.00000E+000   0.00000E+000   0.00000E+000
       146   0.10181E+000  -0.42848E-001   0.00000E+000
       147   0.19731E+000  -0.15129E+000   0.00000E+000
       148   0.28573E+000  -0.32110E+000   0.00000E+000
       149   0.36702E+000  -0.54733E+000   0.00000E+000
       150   0.44123E+000  -0.82539E+000   0.00000E+000
       151   0.50841E+000  -0.11508E+001   0.00000E+000
       152   0.56849E+000  -0.15184E+001   0.00000E+000
       153   0.62150E+000  -0.19237E+001   0.00000E+000
       154   0.66746E+000  -0.23623E+001   0.00000E+000
       155   0.70633E+000  -0.28289E+001   0.00000E+000
       156   0.73813E+000  -0.33190E+001   0.00000E+000
       157   0.76288E+000  -0.38284E+001   0.00000E+000
       158   0.78054E+000  -0.43515E+001   0.00000E+000
       159   0.79114E+000  -0.48841E+001   0.00000E+000
       160   0.79468E+000  -0.54219E+001   0.00000E+000
       161   0.00000E+000   0.00000E+000   0.00000E+000
       162   0.12930E+000  -0.43779E-001   0.00000E+000
       163   0.24873E+000  -0.15218E+000   0.00000E+000
       164   0.35925E+000  -0.32192E+000   0.00000E+000
       165   0.46087E+000  -0.54808E+000   0.00000E+000
       166   0.55365E+000  -0.82607E+000   0.00000E+000
       167   0.63762E+000  -0.11514E+001   0.00000E+000
       168   0.71272E+000  -0.15190E+001   0.00000E+000
       169   0.77899E+000  -0.19242E+001   0.00000E+000
       170   0.83644E+000  -0.23627E+001   0.00000E+000
       171   0.88503E+000  -0.28292E+001   0.00000E+000
       172   0.92479E+000  -0.33193E+001   0.00000E+000
       173   0.95572E+000  -0.38286E+001   0.00000E+000
       174   0.97781E+000  -0.43516E+001   0.00000E+000
       175   0.99111E+000  -0.48841E+001   0.00000E+000
       176   0.99557E+000  -0.54220E+001   0.00000E+000
end 
