coor    66
         1    0.00000E+00    0.00000E+00    0.00000E+00
         2    0.20000E+03    0.00000E+00    0.00000E+00
         3    0.40000E+03    0.00000E+00    0.00000E+00
         4    0.60000E+03    0.00000E+00    0.00000E+00
         5    0.80000E+03    0.00000E+00    0.00000E+00
         6    0.10000E+04    0.00000E+00    0.00000E+00
         7    0.00000E+00    0.20000E+03    0.00000E+00
         8    0.20000E+03    0.20000E+03    0.00000E+00
         9    0.40000E+03    0.20000E+03    0.00000E+00
        10    0.60000E+03    0.20000E+03    0.00000E+00
        11    0.80000E+03    0.20000E+03    0.00000E+00
        12    0.10000E+04    0.20000E+03    0.00000E+00
        13    0.00000E+00    0.40000E+03    0.00000E+00
        14    0.20000E+03    0.40000E+03    0.00000E+00
        15    0.40000E+03    0.40000E+03    0.00000E+00
        16    0.60000E+03    0.40000E+03    0.00000E+00
        17    0.80000E+03    0.40000E+03    0.00000E+00
        18    0.10000E+04    0.40000E+03    0.00000E+00
        19    0.00000E+00    0.60000E+03    0.00000E+00
        20    0.20000E+03    0.60000E+03    0.00000E+00
        21    0.40000E+03    0.60000E+03    0.00000E+00
        22    0.60000E+03    0.60000E+03    0.00000E+00
        23    0.80000E+03    0.60000E+03    0.00000E+00
        24    0.10000E+04    0.60000E+03    0.00000E+00
        25    0.00000E+00    0.80000E+03    0.00000E+00
        26    0.20000E+03    0.80000E+03    0.00000E+00
        27    0.40000E+03    0.80000E+03    0.00000E+00
        28    0.60000E+03    0.80000E+03    0.00000E+00
        29    0.80000E+03    0.80000E+03    0.00000E+00
        30    0.10000E+04    0.80000E+03    0.00000E+00
        31    0.00000E+00    0.10000E+04    0.00000E+00
        32    0.20000E+03    0.10000E+04    0.00000E+00
        33    0.40000E+03    0.10000E+04    0.00000E+00
        34    0.60000E+03    0.10000E+04    0.00000E+00
        35    0.80000E+03    0.10000E+04    0.00000E+00
        36    0.10000E+04    0.10000E+04    0.00000E+00
        37    0.00000E+00    0.12000E+04    0.00000E+00
        38    0.20000E+03    0.12000E+04    0.00000E+00
        39    0.40000E+03    0.12000E+04    0.00000E+00
        40    0.60000E+03    0.12000E+04    0.00000E+00
        41    0.80000E+03    0.12000E+04    0.00000E+00
        42    0.10000E+04    0.12000E+04    0.00000E+00
        43    0.00000E+00    0.14000E+04    0.00000E+00
        44    0.20000E+03    0.14000E+04    0.00000E+00
        45    0.40000E+03    0.14000E+04    0.00000E+00
        46    0.60000E+03    0.14000E+04    0.00000E+00
        47    0.80000E+03    0.14000E+04    0.00000E+00
        48    0.10000E+04    0.14000E+04    0.00000E+00
        49    0.00000E+00    0.16000E+04    0.00000E+00
        50    0.20000E+03    0.16000E+04    0.00000E+00
        51    0.40000E+03    0.16000E+04    0.00000E+00
        52    0.60000E+03    0.16000E+04    0.00000E+00
        53    0.80000E+03    0.16000E+04    0.00000E+00
        54    0.10000E+04    0.16000E+04    0.00000E+00
        55    0.00000E+00    0.18000E+04    0.00000E+00
        56    0.20000E+03    0.18000E+04    0.00000E+00
        57    0.40000E+03    0.18000E+04    0.00000E+00
        58    0.60000E+03    0.18000E+04    0.00000E+00
        59    0.80000E+03    0.18000E+04    0.00000E+00
        60    0.10000E+04    0.18000E+04    0.00000E+00
        61    0.00000E+00    0.20000E+04    0.00000E+00
        62    0.20000E+03    0.20000E+04    0.00000E+00
        63    0.40000E+03    0.20000E+04    0.00000E+00
        64    0.60000E+03    0.20000E+04    0.00000E+00
        65    0.80000E+03    0.20000E+04    0.00000E+00
        66    0.10000E+04    0.20000E+04    0.00000E+00
elem         50
         1         4         1         2         8         7
         2         4         2         3         9         8
         3         4         3         4        10         9
         4         4         4         5        11        10
         5         4         5         6        12        11
         6         4         7         8        14        13
         7         4         8         9        15        14
         8         4         9        10        16        15
         9         4        10        11        17        16
        10         4        11        12        18        17
        11         4        13        14        20        19
        12         4        14        15        21        20
        13         4        15        16        22        21
        14         4        16        17        23        22
        15         4        17        18        24        23
        16         4        19        20        26        25
        17         4        20        21        27        26
        18         4        21        22        28        27
        19         4        22        23        29        28
        20         4        23        24        30        29
        21         4        25        26        32        31
        22         4        26        27        33        32
        23         4        27        28        34        33
        24         4        28        29        35        34
        25         4        29        30        36        35
        26         4        31        32        38        37
        27         4        32        33        39        38
        28         4        33        34        40        39
        29         4        34        35        41        40
        30         4        35        36        42        41
        31         4        37        38        44        43
        32         4        38        39        45        44
        33         4        39        40        46        45
        34         4        40        41        47        46
        35         4        41        42        48        47
        36         4        43        44        50        49
        37         4        44        45        51        50
        38         4        45        46        52        51
        39         4        46        47        53        52
        40         4        47        48        54        53
        41         4        49        50        56        55
        42         4        50        51        57        56
        43         4        51        52        58        57
        44         4        52        53        59        58
        45         4        53        54        60        59
        46         4        55        56        62        61
        47         4        56        57        63        62
        48         4        57        58        64        63
        49         4        58        59        65        64
        50         4        59        60        66        65
nosc  2
         1   0.00000E+000   0.00000E+000
         2   0.00000E+000   0.00000E+000
         3   0.00000E+000   0.00000E+000
         4   0.00000E+000   0.00000E+000
         5   0.00000E+000   0.00000E+000
         6   0.00000E+000   0.00000E+000
         7   0.54675E-002   0.12852E-002
         8   0.57196E-002  -0.16472E-002
         9   0.64527E-002  -0.27809E-002
        10   0.68902E-002  -0.37728E-002
        11   0.71491E-002  -0.48855E-002
        12   0.87891E-002  -0.82519E-002
        13   0.13312E-001   0.18766E-002
        14   0.13686E-001  -0.32854E-002
        15   0.14556E-001  -0.56339E-002
        16   0.15328E-001  -0.75254E-002
        17   0.16194E-001  -0.99217E-002
        18   0.17926E-001  -0.15530E-001
        19   0.22862E-001   0.18732E-002
        20   0.23318E-001  -0.50156E-002
        21   0.24237E-001  -0.85230E-002
        22   0.25223E-001  -0.11288E-001
        23   0.26373E-001  -0.14886E-001
        24   0.28152E-001  -0.22128E-001
        25   0.33733E-001   0.13513E-002
        26   0.34282E-001  -0.69037E-002
        27   0.35238E-001  -0.11453E-001
        28   0.36332E-001  -0.15032E-001
        29   0.37609E-001  -0.19687E-001
        30   0.39352E-001  -0.28195E-001
        31   0.45669E-001   0.36239E-003
        32   0.46320E-001  -0.89902E-002
        33   0.47320E-001  -0.14436E-001
        34   0.48465E-001  -0.18732E-001
        35   0.49772E-001  -0.24281E-001
        36   0.51439E-001  -0.33807E-001
        37   0.58465E-001  -0.10563E-002
        38   0.59226E-001  -0.11301E-001
        39   0.60280E-001  -0.17483E-001
        40   0.61447E-001  -0.22368E-001
        41   0.62730E-001  -0.28643E-001
        42   0.64297E-001  -0.39008E-001
        43   0.71953E-001  -0.28733E-002
        44   0.72824E-001  -0.13856E-001
        45   0.73931E-001  -0.20604E-001
        46   0.75106E-001  -0.25926E-001
        47   0.76347E-001  -0.32757E-001
        48   0.77809E-001  -0.43827E-001
        49   0.86041E-001  -0.50595E-002
        50   0.86973E-001  -0.16674E-001
        51   0.88057E-001  -0.23806E-001
        52   0.89238E-001  -0.29400E-001
        53   0.90508E-001  -0.36605E-001
        54   0.91912E-001  -0.48292E-001
        55   0.10088E+000  -0.76029E-002
        56   0.10163E+000  -0.19757E-001
        57   0.10226E+000  -0.27079E-001
        58   0.10344E+000  -0.32799E-001
        59   0.10519E+000  -0.40188E-001
        60   0.10677E+000  -0.52409E-001
        61   0.11777E+000  -0.10611E-001
        62   0.11692E+000  -0.22999E-001
        63   0.11532E+000  -0.30376E-001
        64   0.11653E+000  -0.36172E-001
        65   0.12052E+000  -0.43613E-001
        66   0.12372E+000  -0.56066E-001
nvec 
         1   0.00000E+000   0.00000E+000   0.00000E+000
         2   0.00000E+000   0.00000E+000   0.00000E+000
         3   0.00000E+000   0.00000E+000   0.00000E+000
         4   0.00000E+000   0.00000E+000   0.00000E+000
         5   0.00000E+000   0.00000E+000   0.00000E+000
         6   0.00000E+000   0.00000E+000   0.00000E+000
         7   0.54675E-002   0.12852E-002   0.00000E+000
         8   0.57196E-002  -0.16472E-002   0.00000E+000
         9   0.64527E-002  -0.27809E-002   0.00000E+000
        10   0.68902E-002  -0.37728E-002   0.00000E+000
        11   0.71491E-002  -0.48855E-002   0.00000E+000
        12   0.87891E-002  -0.82519E-002   0.00000E+000
        13   0.13312E-001   0.18766E-002   0.00000E+000
        14   0.13686E-001  -0.32854E-002   0.00000E+000
        15   0.14556E-001  -0.56339E-002   0.00000E+000
        16   0.15328E-001  -0.75254E-002   0.00000E+000
        17   0.16194E-001  -0.99217E-002   0.00000E+000
        18   0.17926E-001  -0.15530E-001   0.00000E+000
        19   0.22862E-001   0.18732E-002   0.00000E+000
        20   0.23318E-001  -0.50156E-002   0.00000E+000
        21   0.24237E-001  -0.85230E-002   0.00000E+000
        22   0.25223E-001  -0.11288E-001   0.00000E+000
        23   0.26373E-001  -0.14886E-001   0.00000E+000
        24   0.28152E-001  -0.22128E-001   0.00000E+000
        25   0.33733E-001   0.13513E-002   0.00000E+000
        26   0.34282E-001  -0.69037E-002   0.00000E+000
        27   0.35238E-001  -0.11453E-001   0.00000E+000
        28   0.36332E-001  -0.15032E-001   0.00000E+000
        29   0.37609E-001  -0.19687E-001   0.00000E+000
        30   0.39352E-001  -0.28195E-001   0.00000E+000
        31   0.45669E-001   0.36239E-003   0.00000E+000
        32   0.46320E-001  -0.89902E-002   0.00000E+000
        33   0.47320E-001  -0.14436E-001   0.00000E+000
        34   0.48465E-001  -0.18732E-001   0.00000E+000
        35   0.49772E-001  -0.24281E-001   0.00000E+000
        36   0.51439E-001  -0.33807E-001   0.00000E+000
        37   0.58465E-001  -0.10563E-002   0.00000E+000
        38   0.59226E-001  -0.11301E-001   0.00000E+000
        39   0.60280E-001  -0.17483E-001   0.00000E+000
        40   0.61447E-001  -0.22368E-001   0.00000E+000
        41   0.62730E-001  -0.28643E-001   0.00000E+000
        42   0.64297E-001  -0.39008E-001   0.00000E+000
        43   0.71953E-001  -0.28733E-002   0.00000E+000
        44   0.72824E-001  -0.13856E-001   0.00000E+000
        45   0.73931E-001  -0.20604E-001   0.00000E+000
        46   0.75106E-001  -0.25926E-001   0.00000E+000
        47   0.76347E-001  -0.32757E-001   0.00000E+000
        48   0.77809E-001  -0.43827E-001   0.00000E+000
        49   0.86041E-001  -0.50595E-002   0.00000E+000
        50   0.86973E-001  -0.16674E-001   0.00000E+000
        51   0.88057E-001  -0.23806E-001   0.00000E+000
        52   0.89238E-001  -0.29400E-001   0.00000E+000
        53   0.90508E-001  -0.36605E-001   0.00000E+000
        54   0.91912E-001  -0.48292E-001   0.00000E+000
        55   0.10088E+000  -0.76029E-002   0.00000E+000
        56   0.10163E+000  -0.19757E-001   0.00000E+000
        57   0.10226E+000  -0.27079E-001   0.00000E+000
        58   0.10344E+000  -0.32799E-001   0.00000E+000
        59   0.10519E+000  -0.40188E-001   0.00000E+000
        60   0.10677E+000  -0.52409E-001   0.00000E+000
        61   0.11777E+000  -0.10611E-001   0.00000E+000
        62   0.11692E+000  -0.22999E-001   0.00000E+000
        63   0.11532E+000  -0.30376E-001   0.00000E+000
        64   0.11653E+000  -0.36172E-001   0.00000E+000
        65   0.12052E+000  -0.43613E-001   0.00000E+000
        66   0.12372E+000  -0.56066E-001   0.00000E+000
end 
