coor    55
         1    0.00000E+00    0.00000E+00    0.00000E+00
         2    0.20000E+03    0.00000E+00    0.00000E+00
         3    0.40000E+03    0.00000E+00    0.00000E+00
         4    0.60000E+03    0.00000E+00    0.00000E+00
         5    0.80000E+03    0.00000E+00    0.00000E+00
         6    0.10000E+04    0.00000E+00    0.00000E+00
         7    0.12000E+04    0.00000E+00    0.00000E+00
         8    0.14000E+04    0.00000E+00    0.00000E+00
         9    0.16000E+04    0.00000E+00    0.00000E+00
        10    0.18000E+04    0.00000E+00    0.00000E+00
        11    0.20000E+04    0.00000E+00    0.00000E+00
        12    0.00000E+00    0.12500E+03    0.00000E+00
        13    0.20000E+03    0.12500E+03    0.00000E+00
        14    0.40000E+03    0.12500E+03    0.00000E+00
        15    0.60000E+03    0.12500E+03    0.00000E+00
        16    0.80000E+03    0.12500E+03    0.00000E+00
        17    0.10000E+04    0.12500E+03    0.00000E+00
        18    0.12000E+04    0.12500E+03    0.00000E+00
        19    0.14000E+04    0.12500E+03    0.00000E+00
        20    0.16000E+04    0.12500E+03    0.00000E+00
        21    0.18000E+04    0.12500E+03    0.00000E+00
        22    0.20000E+04    0.12500E+03    0.00000E+00
        23    0.00000E+00    0.25000E+03    0.00000E+00
        24    0.20000E+03    0.25000E+03    0.00000E+00
        25    0.40000E+03    0.25000E+03    0.00000E+00
        26    0.60000E+03    0.25000E+03    0.00000E+00
        27    0.80000E+03    0.25000E+03    0.00000E+00
        28    0.10000E+04    0.25000E+03    0.00000E+00
        29    0.12000E+04    0.25000E+03    0.00000E+00
        30    0.14000E+04    0.25000E+03    0.00000E+00
        31    0.16000E+04    0.25000E+03    0.00000E+00
        32    0.18000E+04    0.25000E+03    0.00000E+00
        33    0.20000E+04    0.25000E+03    0.00000E+00
        34    0.00000E+00    0.37500E+03    0.00000E+00
        35    0.20000E+03    0.37500E+03    0.00000E+00
        36    0.40000E+03    0.37500E+03    0.00000E+00
        37    0.60000E+03    0.37500E+03    0.00000E+00
        38    0.80000E+03    0.37500E+03    0.00000E+00
        39    0.10000E+04    0.37500E+03    0.00000E+00
        40    0.12000E+04    0.37500E+03    0.00000E+00
        41    0.14000E+04    0.37500E+03    0.00000E+00
        42    0.16000E+04    0.37500E+03    0.00000E+00
        43    0.18000E+04    0.37500E+03    0.00000E+00
        44    0.20000E+04    0.37500E+03    0.00000E+00
        45    0.00000E+00    0.50000E+03    0.00000E+00
        46    0.20000E+03    0.50000E+03    0.00000E+00
        47    0.40000E+03    0.50000E+03    0.00000E+00
        48    0.60000E+03    0.50000E+03    0.00000E+00
        49    0.80000E+03    0.50000E+03    0.00000E+00
        50    0.10000E+04    0.50000E+03    0.00000E+00
        51    0.12000E+04    0.50000E+03    0.00000E+00
        52    0.14000E+04    0.50000E+03    0.00000E+00
        53    0.16000E+04    0.50000E+03    0.00000E+00
        54    0.18000E+04    0.50000E+03    0.00000E+00
        55    0.20000E+04    0.50000E+03    0.00000E+00
elem         80
         1         3         1         2        13
         2         3         1        13        12
         3         3         2         3        14
         4         3         2        14        13
         5         3         3         4        15
         6         3         3        15        14
         7         3         4         5        16
         8         3         4        16        15
         9         3         5         6        17
        10         3         5        17        16
        11         3         6         7        18
        12         3         6        18        17
        13         3         7         8        19
        14         3         7        19        18
        15         3         8         9        20
        16         3         8        20        19
        17         3         9        10        21
        18         3         9        21        20
        19         3        10        11        22
        20         3        10        22        21
        21         3        12        13        24
        22         3        12        24        23
        23         3        13        14        25
        24         3        13        25        24
        25         3        14        15        26
        26         3        14        26        25
        27         3        15        16        27
        28         3        15        27        26
        29         3        16        17        28
        30         3        16        28        27
        31         3        17        18        29
        32         3        17        29        28
        33         3        18        19        30
        34         3        18        30        29
        35         3        19        20        31
        36         3        19        31        30
        37         3        20        21        32
        38         3        20        32        31
        39         3        21        22        33
        40         3        21        33        32
        41         3        23        24        35
        42         3        23        35        34
        43         3        24        25        36
        44         3        24        36        35
        45         3        25        26        37
        46         3        25        37        36
        47         3        26        27        38
        48         3        26        38        37
        49         3        27        28        39
        50         3        27        39        38
        51         3        28        29        40
        52         3        28        40        39
        53         3        29        30        41
        54         3        29        41        40
        55         3        30        31        42
        56         3        30        42        41
        57         3        31        32        43
        58         3        31        43        42
        59         3        32        33        44
        60         3        32        44        43
        61         3        34        35        46
        62         3        34        46        45
        63         3        35        36        47
        64         3        35        47        46
        65         3        36        37        48
        66         3        36        48        47
        67         3        37        38        49
        68         3        37        49        48
        69         3        38        39        50
        70         3        38        50        49
        71         3        39        40        51
        72         3        39        51        50
        73         3        40        41        52
        74         3        40        52        51
        75         3        41        42        53
        76         3        41        53        52
        77         3        42        43        54
        78         3        42        54        53
        79         3        43        44        55
        80         3        43        55        54
nosc  2
         1   0.00000E+000   0.00000E+000
         2  -0.13942E-001  -0.18521E-001
         3  -0.26053E-001  -0.46005E-001
         4  -0.36607E-001  -0.82345E-001
         5  -0.45697E-001  -0.12650E+000
         6  -0.53363E-001  -0.17735E+000
         7  -0.59626E-001  -0.23376E+000
         8  -0.64498E-001  -0.29462E+000
         9  -0.67987E-001  -0.35884E+000
        10  -0.70110E-001  -0.42542E+000
        11  -0.70905E-001  -0.49405E+000
        12   0.00000E+000   0.00000E+000
        13  -0.57527E-002  -0.16657E-001
        14  -0.11283E-001  -0.44131E-001
        15  -0.16302E-001  -0.80652E-001
        16  -0.20717E-001  -0.12502E+000
        17  -0.24482E-001  -0.17609E+000
        18  -0.27574E-001  -0.23273E+000
        19  -0.29980E-001  -0.29382E+000
        20  -0.31689E-001  -0.35825E+000
        21  -0.32695E-001  -0.42492E+000
        22  -0.33046E-001  -0.49274E+000
        23   0.00000E+000   0.00000E+000
        24   0.17990E-004  -0.16348E-001
        25   0.18825E-004  -0.43600E-001
        26   0.77240E-005  -0.80080E-001
        27  -0.48647E-005  -0.12447E+000
        28  -0.16489E-004  -0.17559E+000
        29  -0.27318E-004  -0.23230E+000
        30  -0.38217E-004  -0.29347E+000
        31  -0.49451E-004  -0.35797E+000
        32  -0.55003E-004  -0.42461E+000
        33  -0.87087E-005  -0.49154E+000
        34   0.00000E+000   0.00000E+000
        35   0.57992E-002  -0.16630E-001
        36   0.11294E-001  -0.43951E-001
        37   0.16289E-001  -0.80409E-001
        38   0.20685E-001  -0.12475E+000
        39   0.24437E-001  -0.17581E+000
        40   0.27517E-001  -0.23245E+000
        41   0.29911E-001  -0.29354E+000
        42   0.31608E-001  -0.35798E+000
        43   0.32603E-001  -0.42468E+000
        44   0.32942E-001  -0.49248E+000
        45   0.00000E+000   0.00000E+000
        46   0.13794E-001  -0.18015E-001
        47   0.25932E-001  -0.45422E-001
        48   0.36516E-001  -0.81762E-001
        49   0.45623E-001  -0.12593E+000
        50   0.53298E-001  -0.17679E+000
        51   0.59566E-001  -0.23321E+000
        52   0.64442E-001  -0.29408E+000
        53   0.67937E-001  -0.35831E+000
        54   0.70056E-001  -0.42490E+000
        55   0.70742E-001  -0.49349E+000
nvec 
         1   0.00000E+000   0.00000E+000   0.00000E+000
         2  -0.13942E-001  -0.18521E-001   0.00000E+000
         3  -0.26053E-001  -0.46005E-001   0.00000E+000
         4  -0.36607E-001  -0.82345E-001   0.00000E+000
         5  -0.45697E-001  -0.12650E+000   0.00000E+000
         6  -0.53363E-001  -0.17735E+000   0.00000E+000
         7  -0.59626E-001  -0.23376E+000   0.00000E+000
         8  -0.64498E-001  -0.29462E+000   0.00000E+000
         9  -0.67987E-001  -0.35884E+000   0.00000E+000
        10  -0.70110E-001  -0.42542E+000   0.00000E+000
        11  -0.70905E-001  -0.49405E+000   0.00000E+000
        12   0.00000E+000   0.00000E+000   0.00000E+000
        13  -0.57527E-002  -0.16657E-001   0.00000E+000
        14  -0.11283E-001  -0.44131E-001   0.00000E+000
        15  -0.16302E-001  -0.80652E-001   0.00000E+000
        16  -0.20717E-001  -0.12502E+000   0.00000E+000
        17  -0.24482E-001  -0.17609E+000   0.00000E+000
        18  -0.27574E-001  -0.23273E+000   0.00000E+000
        19  -0.29980E-001  -0.29382E+000   0.00000E+000
        20  -0.31689E-001  -0.35825E+000   0.00000E+000
        21  -0.32695E-001  -0.42492E+000   0.00000E+000
        22  -0.33046E-001  -0.49274E+000   0.00000E+000
        23   0.00000E+000   0.00000E+000   0.00000E+000
        24   0.17990E-004  -0.16348E-001   0.00000E+000
        25   0.18825E-004  -0.43600E-001   0.00000E+000
        26   0.77240E-005  -0.80080E-001   0.00000E+000
        27  -0.48647E-005  -0.12447E+000   0.00000E+000
        28  -0.16489E-004  -0.17559E+000   0.00000E+000
        29  -0.27318E-004  -0.23230E+000   0.00000E+000
        30  -0.38217E-004  -0.29347E+000   0.00000E+000
        31  -0.49451E-004  -0.35797E+000   0.00000E+000
        32  -0.55003E-004  -0.42461E+000   0.00000E+000
        33  -0.87087E-005  -0.49154E+000   0.00000E+000
        34   0.00000E+000   0.00000E+000   0.00000E+000
        35   0.57992E-002  -0.16630E-001   0.00000E+000
        36   0.11294E-001  -0.43951E-001   0.00000E+000
        37   0.16289E-001  -0.80409E-001   0.00000E+000
        38   0.20685E-001  -0.12475E+000   0.00000E+000
        39   0.24437E-001  -0.17581E+000   0.00000E+000
        40   0.27517E-001  -0.23245E+000   0.00000E+000
        41   0.29911E-001  -0.29354E+000   0.00000E+000
        42   0.31608E-001  -0.35798E+000   0.00000E+000
        43   0.32603E-001  -0.42468E+000   0.00000E+000
        44   0.32942E-001  -0.49248E+000   0.00000E+000
        45   0.00000E+000   0.00000E+000   0.00000E+000
        46   0.13794E-001  -0.18015E-001   0.00000E+000
        47   0.25932E-001  -0.45422E-001   0.00000E+000
        48   0.36516E-001  -0.81762E-001   0.00000E+000
        49   0.45623E-001  -0.12593E+000   0.00000E+000
        50   0.53298E-001  -0.17679E+000   0.00000E+000
        51   0.59566E-001  -0.23321E+000   0.00000E+000
        52   0.64442E-001  -0.29408E+000   0.00000E+000
        53   0.67937E-001  -0.35831E+000   0.00000E+000
        54   0.70056E-001  -0.42490E+000   0.00000E+000
        55   0.70742E-001  -0.49349E+000   0.00000E+000
end 
